0.24775631725788116
0.25764259696006775
0.24897661805152893
0.2662060558795929
0.2616746425628662
0.254019558429718
0.25907084345817566
0.247615784406662
0.25952479243278503
0.2608388066291809
0.24742011725902557
0.25982892513275146
0.24979552626609802
0.2642049789428711
0.24728210270404816
0.25805023312568665
0.265519917011261
0.25765496492385864
0.25359082221984863
0.25965091586112976
0.2583593428134918
0.244736909866333
0.27004748582839966
0.2608349621295929
0.2616061568260193
0.2636058032512665
0.25465595722198486
0.2547987401485443
0.2424229085445404
0.25132066011428833
0.2697131335735321
0.23718301951885223
0.25362473726272583
0.24939794838428497
0.2607242465019226
0.255610853433609
0.23838984966278076
0.27168893814086914
0.2462310791015625
0.25048828125
0.26591941714286804
0.25302499532699585
0.2522505819797516
0.23855546116828918
0.25604578852653503
0.26039162278175354
0.25158780813217163
0.2724061608314514
0.24864426255226135
0.25268179178237915
0.2569017708301544
0.2605051100254059
0.2548670768737793
0.24057047069072723
0.26001888513565063
0.245501309633255
0.25210750102996826
0.2509724795818329
0.2500675618648529
0.25851601362228394
0.2625581622123718
0.245453879237175
0.25388211011886597
0.2596256136894226
0.26285886764526367
0.2511215806007385
0.25046804547309875
0.24945048987865448
0.24732546508312225
0.24184384942054749
0.2539727985858917
0.24304667115211487
0.25432825088500977
0.24365980923175812
0.2583410441875458
0.25147926807403564
0.2586534023284912
0.261078417301178
0.2574051320552826
0.25518807768821716
0.2538936734199524
0.24958837032318115
0.26325076818466187
0.2504902482032776
0.259378582239151
0.24298718571662903
0.23641744256019592
0.26982706785202026
0.2621196508407593
0.24810902774333954
0.26223278045654297
0.24523577094078064
0.2595934271812439
0.2547408938407898
0.2655267119407654
0.2526610791683197
0.26077505946159363
0.2582393288612366
0.24561135470867157
0.24945516884326935
0.26442813873291016
0.25229302048683167
0.2601856589317322
0.26035425066947937
0.26414573192596436
0.2540489733219147
0.255020409822464
0.2594302296638489
0.25315409898757935
0.260053426027298
0.2626990079879761
0.26355329155921936
0.24591179192066193
0.2617153525352478
0.2551528513431549
0.2580913305282593
0.24906066060066223
0.2543655335903168
0.24565057456493378
0.25087857246398926
0.2617509961128235
0.2498188465833664
0.25126931071281433
0.24612092971801758
0.2517167627811432
0.2594471871852875
0.26127225160598755
0.25565093755722046
0.2558444142341614
0.25438135862350464
0.25210198760032654
0.25295916199684143
0.2645740807056427
0.24791812896728516
0.24616952240467072
0.25384044647216797
0.25492042303085327
0.24713456630706787
0.24212686717510223
0.2462180107831955
0.2524329423904419
0.25254541635513306
0.2462325543165207
0.24936994910240173
0.2550862729549408
0.2506970763206482
0.23952361941337585
0.2501552700996399
0.26773518323898315
0.254619300365448
0.25921082496643066
0.24644938111305237
0.24574923515319824
0.2514316141605377
0.2495650053024292
0.244585320353508
0.24453134834766388
0.25597089529037476
0.25670042634010315
0.2621490955352783
0.2533671259880066
0.262395977973938
0.25282591581344604
0.2599075138568878
0.24365437030792236
0.25631850957870483
0.25458791851997375
0.26138731837272644
0.2701432704925537
0.2513647973537445
0.2521520256996155
0.2538692355155945
0.2612524628639221
0.26392120122909546
0.2390178143978119
0.2538452744483948
0.24852266907691956
0.25669172406196594
0.23840045928955078
0.25214213132858276
0.26417142152786255
0.24946777522563934
0.2472829818725586
0.25853627920150757
0.2609235942363739
0.24722643196582794
0.24727599322795868
0.26231616735458374
0.24210324883460999
0.25366002321243286
0.24380579590797424
0.2540000081062317
0.25774431228637695
0.2634724974632263
0.24886254966259003
0.2511392831802368
0.2630940079689026
0.26109281182289124
0.2520446181297302
0.2628800570964813
0.23621287941932678
0.24223235249519348
0.2599984109401703
0.2537979781627655
0.25445136427879333
0.25114870071411133
0.25875142216682434
0.2536538541316986
0.2591540515422821
0.24676990509033203
0.25159868597984314
0.2415018081665039
0.24690556526184082
0.26179009675979614
0.24883341789245605
0.24519884586334229
0.2504429817199707
0.24707750976085663
0.2567842900753021
0.24995148181915283
0.2571853995323181
0.25892728567123413
0.244375079870224
0.2651278078556061
0.24407914280891418
0.24860887229442596
0.26424795389175415
0.24767009913921356
0.26398617029190063
0.24874544143676758
0.2553022801876068
0.2563397288322449
0.25685590505599976
0.26260343194007874
0.2524058222770691
0.24549826979637146
0.24628663063049316
0.2683001160621643
0.2550176978111267
0.23837856948375702
0.2529370188713074
0.2549590468406677
0.23972336947917938
0.2512013018131256
0.25139644742012024
0.24896752834320068
0.2650102376937866
0.2652813494205475
0.25794824957847595
0.2528042197227478
0.2599787414073944
0.24165339767932892
0.2589684724807739
0.25489115715026855
0.2512744665145874
0.23171398043632507
0.2501864731311798
0.25758203864097595
0.2470126897096634
0.2504802346229553
0.2527075707912445
0.2753751873970032
0.25303077697753906
0.24594517052173615
0.2611902356147766
0.2521266043186188
0.24566538631916046
0.2531973421573639
0.2576509416103363
0.2442167103290558
0.25248202681541443
0.2597164511680603
0.2543894052505493
0.24846673011779785
0.2632780373096466
0.2545989155769348
0.2405717819929123
0.24675288796424866
0.26457563042640686
0.24949181079864502
0.23980367183685303
0.24672956764698029
0.258544385433197
0.24866941571235657
0.24824777245521545
0.24046611785888672
0.2548055052757263
0.24849987030029297
0.2533436715602875
0.2439700812101364
0.25960689783096313
0.23639123141765594
0.2552071809768677
0.24949252605438232
0.26583757996559143
0.24575623869895935
0.2478748857975006
0.2652854323387146
0.25574547052383423
0.24732999503612518
0.2575743794441223
0.24396106600761414
0.23728905618190765
0.2495851069688797
0.24643290042877197
0.244795560836792
0.2610780894756317
0.2632834017276764
0.2599514424800873
0.2513682246208191
0.25374260544776917
0.24500903487205505
0.25210851430892944
0.25431007146835327
0.24905331432819366
0.24362730979919434
0.25767356157302856
0.2593281865119934
0.24307850003242493
0.253499835729599
0.2591705620288849
0.24951227009296417
0.25465983152389526
0.24824495613574982
0.24509084224700928
0.25581610202789307
0.24025316536426544
0.2505805194377899
0.2527170777320862
0.25997963547706604
0.2404334843158722
0.24111366271972656
0.23881959915161133
0.24822425842285156
0.26192551851272583
0.25317472219467163
0.256805419921875
0.2474796324968338
0.24142420291900635
0.2578345239162445
0.2595517039299011
0.2553345263004303
0.2621634602546692
0.26748913526535034
0.244907408952713
0.24570581316947937
0.2571149468421936
0.24593286216259003
0.2596091628074646
0.24365654587745667
0.24509629607200623
0.2568303048610687
0.2498679906129837
0.2505674362182617
0.24795059859752655
0.25093311071395874
0.25655099749565125
0.25770142674446106
0.24691197276115417
0.2434995472431183
0.2527816891670227
0.24464532732963562
0.2548537254333496
0.24819354712963104
0.24776001274585724
0.25650888681411743
0.2518039047718048
0.25437673926353455
0.24516133964061737
0.24579758942127228
0.2502981424331665
0.2582573890686035
0.25419285893440247
0.2502273917198181
0.24623987078666687
0.24028930068016052
0.2581198513507843
0.2523578405380249
0.2543845772743225
0.24615776538848877
0.25168147683143616
0.24890723824501038
0.26393812894821167
0.24082013964653015
0.2583370804786682
0.25812122225761414
0.2632226347923279
0.25137239694595337
0.2551385164260864
0.24883536994457245
0.24178819358348846
0.24204036593437195
0.24969258904457092
0.2596186101436615
0.2548561692237854
0.25747978687286377
0.24809198081493378
0.2506411075592041
0.2546646296977997
0.25111979246139526
0.2578093707561493
0.26380032300949097
0.2542611062526703
0.24643422663211823
0.25923746824264526
0.2435031235218048
0.25498589873313904
0.2516482472419739
0.25477728247642517
0.2584431767463684
0.23698420822620392
0.24924345314502716
0.2669084370136261
0.25078409910202026
0.24330684542655945
0.25959208607673645
0.24693460762500763
0.24413526058197021
0.23796901106834412
0.2568564713001251
0.257127583026886
0.2553732097148895
0.24968934059143066
0.24605901539325714
0.26219725608825684
0.2539531886577606
0.25886282324790955
0.24763473868370056
0.23373281955718994
0.25675565004348755
0.24931874871253967
0.2544102072715759
0.24385520815849304
0.2530420124530792
0.25339552760124207
0.23922137916088104
0.24308368563652039
0.240829735994339
0.24562156200408936
0.24065645039081573
0.24898569285869598
0.26394978165626526
0.2556810677051544
0.2547703981399536
0.2555677592754364
0.2505686581134796
0.24033215641975403
0.252949595451355
0.26027750968933105
0.2482701539993286
0.25192132592201233
0.2533559203147888
0.2581996023654938
0.24833884835243225
0.2533637285232544
0.2682691514492035
0.25237083435058594
0.2495412528514862
0.2551155686378479
0.2510318160057068
0.23444490134716034
0.24627038836479187
0.2604956328868866
0.25539809465408325
0.24672047793865204
0.2478514164686203
0.25518813729286194
0.24933579564094543
0.2547066807746887
0.2467987984418869
0.2379678189754486
0.25039729475975037
0.24130971729755402
0.2606562077999115
0.2443566769361496
0.26142579317092896
0.24774348735809326
0.2415820062160492
0.24638208746910095
0.25573399662971497
0.2439764440059662
0.24680356681346893
0.2528734803199768
0.26068899035453796
0.2474631369113922
0.24017682671546936
0.252493292093277
0.26051831245422363
0.2522566020488739
0.24976864457130432
0.24126073718070984
0.2570949196815491
0.24106526374816895
0.2585015296936035
0.24986064434051514
0.2501666843891144
0.2538840174674988
0.2642884850502014
0.23757719993591309
0.24861153960227966
0.24701900780200958
0.24349424242973328
0.24645650386810303
0.24773117899894714
0.246822327375412
0.2545871138572693
0.24983461201190948
0.24781110882759094
0.2440175712108612
0.24902041256427765
0.25175079703330994
0.2601734697818756
0.26195257902145386
0.2473718672990799
0.24969971179962158
0.2531220316886902
0.24026234447956085
0.2345227301120758
0.25734779238700867
0.23841342329978943
0.24729406833648682
0.2516193985939026
0.25056010484695435
0.24734926223754883
0.24012792110443115
0.2500610947608948
0.2568926215171814
0.2436865270137787
0.2434019297361374
0.25759783387184143
0.2640342712402344
0.2607460021972656
0.2384994924068451
0.24444031715393066
0.25784140825271606
0.2470153123140335
0.24238181114196777
0.23721322417259216
0.2436104565858841
0.2493780106306076
0.24949082732200623
0.25932765007019043
0.25047188997268677
0.2536529302597046
0.25787076354026794
0.26110291481018066
0.24450640380382538
0.24092550575733185
0.25362035632133484
0.2491726130247116
0.2582295536994934
0.2509085536003113
0.2561635375022888
0.25673070549964905
0.25582021474838257
0.25691962242126465
0.24942417442798615
0.2505468726158142
0.2519420087337494
0.2499617040157318
0.25070852041244507
0.2403556853532791
0.2441975623369217
0.24497023224830627
0.24201703071594238
0.23808345198631287
0.2460360825061798
0.23884841799736023
0.2672133147716522
0.2411910593509674
0.24716851115226746
0.24650271236896515
0.24517831206321716
0.24626192450523376
0.26004844903945923
0.2509239912033081
0.26461225748062134
0.24609994888305664
0.24923178553581238
0.2640596628189087
0.24711477756500244
0.25432443618774414
0.24524147808551788
0.2539319396018982
0.25916892290115356
0.26253455877304077
0.25014159083366394
0.23678354918956757
0.23960427939891815
0.24777472019195557
0.24641302227973938
0.2567448019981384
0.24303922057151794
0.24314026534557343
0.24856074154376984
0.2465832680463791
0.2535936236381531
0.2575451135635376
0.25281548500061035
0.2621634304523468
0.257242351770401
0.2438688576221466
0.2538765072822571
0.24510014057159424
0.25134459137916565
0.24183005094528198
0.25157448649406433
0.2504518926143646
0.25346583127975464
0.25510382652282715
0.2470497339963913
0.2451661080121994
0.2381226122379303
0.2606599032878876
0.24490287899971008
0.2646823823451996
0.24384629726409912
0.23847201466560364
0.24815261363983154
0.25451502203941345
0.24842917919158936
0.25367704033851624
0.2449837476015091
0.24581387639045715
0.24726784229278564
0.24765408039093018
0.24976810812950134
0.24827918410301208
0.25017496943473816
0.25769180059432983
0.251810759305954
0.2428210973739624
0.2576718032360077
0.24943873286247253
0.2520459294319153
0.2542800307273865
0.24893836677074432
0.24918372929096222
0.250891774892807
0.26668688654899597
0.24799898266792297
0.25369662046432495
0.23397746682167053
0.2504637539386749
0.26121950149536133
0.2493267059326172
0.24007229506969452
0.2498387098312378
0.23678800463676453
0.23721864819526672
0.26073774695396423
0.24768118560314178
0.25196582078933716
0.244357630610466
0.24594204127788544
0.22927451133728027
0.24719803035259247
0.25641053915023804
0.2475084513425827
0.25478363037109375
0.23894242942333221
0.24947237968444824
0.2528471052646637
0.24724826216697693
0.24467377364635468
0.25117236375808716
0.253668874502182
0.25795283913612366
0.2597430944442749
0.24872846901416779
0.24001570045948029
0.2530199885368347
0.23412322998046875
0.2452947199344635
0.24553148448467255
0.24919018149375916
0.24329829216003418
0.23050057888031006
0.25811323523521423
0.2359483540058136
0.24067142605781555
0.24104371666908264
0.2588635981082916
0.2601020932197571
0.24266938865184784
0.24987736344337463
0.2557130455970764
0.2544814646244049
0.24976305663585663
0.24728937447071075
0.23594656586647034
0.2390608787536621
0.24497589468955994
0.25223058462142944
0.23989853262901306
0.2615673542022705
0.25129789113998413
0.2366161346435547
0.24537892639636993
0.24156443774700165
0.24996037781238556
0.25285130739212036
0.2646937966346741
0.24730458855628967
0.2539888620376587
0.2621171474456787
0.23943793773651123
0.24278032779693604
0.24455516040325165
0.25437766313552856
0.24038748443126678
0.24290743470191956
0.24750185012817383
0.2420521229505539
0.2544887363910675
0.24278435111045837
0.24772629141807556
0.24939434230327606
0.25381094217300415
0.24752935767173767
0.24477103352546692
0.2419772446155548
0.26371437311172485
0.2632448971271515
0.24987909197807312
0.23838885128498077
0.25732702016830444
0.2428383082151413
0.24899092316627502
0.2473265826702118
0.25032731890678406
0.22985482215881348
0.257967472076416
0.25180163979530334
0.2617226243019104
0.23826701939105988
0.24612542986869812
0.22873060405254364
0.2493661344051361
0.2530374228954315
0.251925528049469
0.22995984554290771
0.26233091950416565
0.25184741616249084
0.24800288677215576
0.2564314603805542
0.24485044181346893
0.2521899938583374
0.24297483265399933
0.25295621156692505
0.2528226375579834
0.24628551304340363
0.24303868412971497
0.23124909400939941
0.2602510154247284
0.2475486695766449
0.25812527537345886
0.24714124202728271
0.25099268555641174
0.25472643971443176
0.24345286190509796
0.26301878690719604
0.24568133056163788
0.24727971851825714
0.2515919804573059
0.24245814979076385
0.24868455529212952
0.26255542039871216
0.2562238872051239
0.2385602444410324
0.24675314128398895
0.24904727935791016
0.2488502562046051
0.2518099844455719
0.25290706753730774
0.23998892307281494
0.25965529680252075
0.23683321475982666
0.24749398231506348
0.24231791496276855
0.24614009261131287
0.2625958025455475
0.25843650102615356
0.2421664446592331
0.24987173080444336
0.24598512053489685
0.24385499954223633
0.24775199592113495
0.24566003680229187
0.24902448058128357
0.24397286772727966
0.24704472720623016
0.23711340129375458
0.2577352523803711
0.2505287230014801
0.250814825296402
0.25285404920578003
0.2469567060470581
0.24616873264312744
0.24389442801475525
0.245637446641922
0.2429656684398651
0.24874158203601837
0.23393431305885315
0.2504214644432068
0.25007548928260803
0.25425511598587036
0.25199222564697266
0.24137648940086365
0.250813752412796
0.24143771827220917
0.2409534454345703
0.23161931335926056
0.24459846317768097
0.2536150813102722
0.2460789978504181
0.2506515383720398
0.23838265240192413
0.2472396343946457
0.23683717846870422
0.24432067573070526
0.24374905228614807
0.25859335064888
0.2442377507686615
0.24828243255615234
0.2533532977104187
0.2565825283527374
0.2563897371292114
0.24723979830741882
0.2473679780960083
0.2447250336408615
0.2441241443157196
0.24159672856330872
0.25994616746902466
0.2519393563270569
0.24269895255565643
0.25784486532211304
0.24629418551921844
0.2558319568634033
0.24198202788829803
0.24036970734596252
0.24766770005226135
0.2561778724193573
0.2443462312221527
0.24938102066516876
0.24421052634716034
0.24901318550109863
0.2528056502342224
0.2488899677991867
0.2504730224609375
0.23630113899707794
0.2453618049621582
0.2449578046798706
0.2370794117450714
0.256446897983551
0.24855847656726837
0.24885360896587372
0.2596482038497925
0.2594100534915924
0.24822883307933807
0.24385742843151093
0.24315853416919708
0.24361634254455566
0.25429171323776245
0.2390788346529007
0.2489134818315506
0.24625107645988464
0.24842342734336853
0.25562217831611633
0.2586402893066406
0.2518516182899475
0.23843912780284882
0.24561437964439392
0.23839588463306427
0.24415075778961182
0.24689719080924988
0.24141016602516174
0.2494686394929886
0.24632303416728973
0.24616274237632751
0.2552555799484253
0.24277277290821075
0.2391522228717804
0.24321985244750977
0.2403092086315155
0.24273090064525604
0.24850602447986603
0.2360990345478058
0.24890637397766113
0.24806256592273712
0.2506212592124939
0.2445686310529709
0.23898112773895264
0.25464925169944763
0.2449950873851776
0.24575281143188477
0.2552374005317688
0.2586309015750885
0.2484314739704132
0.23376111686229706
0.24379794299602509
0.23029085993766785
0.24749723076820374
0.24482683837413788
0.24879460036754608
0.2535995841026306
0.2464354783296585
0.25967785716056824
0.24832189083099365
0.24936406314373016
0.23437368869781494
0.2410062849521637
0.24403496086597443
0.26053348183631897
0.2626813054084778
0.23403973877429962
0.2432461977005005
0.24694034457206726
0.2409621924161911
0.25095033645629883
0.24899688363075256
0.237303227186203
0.23683056235313416
0.23723027110099792
0.24851250648498535
0.25104397535324097
0.25268620252609253
0.2441193163394928
0.240618497133255
0.2343636304140091
0.25104284286499023
0.22963149845600128
0.25433915853500366
0.2469821721315384
0.24837739765644073
0.23562152683734894
0.24695053696632385
0.24334008991718292
0.2444283664226532
0.232580304145813
0.24247971177101135
0.249285489320755
0.24816854298114777
0.23533061146736145
0.25024479627609253
0.2386159598827362
0.2448679506778717
0.2430236041545868
0.2481057345867157
0.25185155868530273
0.23800472915172577
0.24129816889762878
0.24094896018505096
0.24198584258556366
0.2506975829601288
0.23619651794433594
0.24306771159172058
0.24750104546546936
0.2490772306919098
0.25536397099494934
0.23850147426128387
0.25061851739883423
0.2665007710456848
0.24574494361877441
0.25894635915756226
0.24456855654716492
0.25779640674591064
0.24089345335960388
0.22396335005760193
0.25981050729751587
0.24777309596538544
0.24936127662658691
0.24315528571605682
0.2412991225719452
0.24701884388923645
0.2515864670276642
0.24506714940071106
0.23911380767822266
0.25000619888305664
0.25193873047828674
0.2408600151538849
0.2557612657546997
0.25327351689338684
0.24438829720020294
0.25399819016456604
0.25678715109825134
0.23914389312267303
0.24462923407554626
0.24447032809257507
0.23804935812950134
0.24382340908050537
0.24249207973480225
0.23214146494865417
0.25025397539138794
0.24037137627601624
0.24862952530384064
0.25678133964538574
0.23801252245903015
0.2462795227766037
0.25394028425216675
0.24544060230255127
0.2529461979866028
0.25926673412323
0.24936020374298096
0.24596276879310608
0.24114784598350525
0.25637364387512207
0.25448891520500183
0.24506518244743347
0.2517252564430237
