0.3118044435977936
0.1067197322845459
0.36379218101501465
0.4447927474975586
0.384574830532074
0.05860023573040962
0.05552239343523979
0.4181644320487976
0.31033530831336975
0.11414089053869247
0.0
0.07985639572143555
0.06558652222156525
0.7477965354919434
0.12996730208396912
0.3027752935886383
0.6498159170150757
0.28443068265914917
0.24780121445655823
0.15057769417762756
0.015437650494277477
0.24765369296073914
0.24464797973632812
0.0648345947265625
0.2540919780731201
0.09331102669239044
0.10929493606090546
0.11271657794713974
0.10611486434936523
0.005343294236809015
0.05139646679162979
0.4063400626182556
0.1043730229139328
0.053110502660274506
0.0
0.055660247802734375
0.18203648924827576
0.03277573734521866
0.0788583755493164
0.2731403410434723
0.1970178633928299
0.26794886589050293
0.04904303699731827
0.0
0.3693774342536926
0.0
0.505467414855957
0.2090405970811844
0.592825710773468
0.02550964429974556
0.3984468877315521
0.17351369559764862
0.21999883651733398
0.329173743724823
0.13814644515514374
0.11457371711730957
0.6517452001571655
0.13222570717334747
0.08330278098583221
0.046334408223629
0.2954321503639221
0.36845144629478455
0.0
0.1846580058336258
0.06876139342784882
0.0
0.10438361018896103
0.1729128360748291
0.3231717646121979
0.3163210451602936
0.037048984318971634
0.017209958285093307
0.0
0.10866031795740128
0.003020715666934848
0.2923859655857086
0.06418146938085556
0.17959432303905487
0.0930597335100174
0.073630191385746
0.0
0.10440073162317276
0.0
0.21014904975891113
0.1139192134141922
0.0
0.0872981995344162
0.059548188000917435
0.08801794052124023
0.09778113663196564
0.5156744122505188
0.07302026450634003
0.36619219183921814
0.0
0.1493341475725174
0.04979896545410156
0.7968763709068298
0.14384540915489197
0.246127650141716
0.0
0.0
0.0018694878090173006
0.14277490973472595
0.7027210593223572
0.0
0.2448744773864746
0.09327497333288193
0.5789769887924194
0.1488487720489502
0.2054741382598877
0.2032674252986908
0.0
0.09323110431432724
0.0
0.0
0.2059008628129959
0.25478729605674744
0.027402782812714577
0.1786469966173172
0.0
0.08766241371631622
0.07516279071569443
0.13393478095531464
0.046495772898197174
0.18878507614135742
0.021741677075624466
0.23881211876869202
0.0
0.14934048056602478
0.0
0.016736745834350586
0.21735624969005585
0.19550804793834686
0.5662332773208618
0.0
0.0
0.026330089196562767
0.1718520224094391
0.0
0.16895170509815216
0.003135299775749445
0.0
0.05373668670654297
0.39333802461624146
0.10503740608692169
0.0
0.04253411293029785
0.304343044757843
0.008259105496108532
0.004670334048569202
0.0
0.2089962512254715
0.20024839043617249
0.3988240361213684
0.0
0.0
0.24718189239501953
0.07177825272083282
0.10379762947559357
0.4027186930179596
0.05212249606847763
0.050707198679447174
0.0
0.1331327259540558
0.058709003031253815
0.17314371466636658
0.0
0.0
0.13750386238098145
0.02748880349099636
0.6368361711502075
0.1172785758972168
0.17766985297203064
0.05036420747637749
0.0
0.16310076415538788
0.0
0.0
0.07931900024414062
0.14827081561088562
0.16373614966869354
0.08595142513513565
0.048264216631650925
0.027286577969789505
0.0
0.1581244021654129
0.0
0.4813094139099121
0.0
0.0
0.14678363502025604
0.0
0.0
0.0606020912528038
0.07321572303771973
0.0
0.08620218932628632
0.22774171829223633
0.16354350745677948
0.031806040555238724
0.1348983347415924
0.30466824769973755
0.0
0.010160970501601696
0.0
0.06450486183166504
0.08771781623363495
0.0519348606467247
0.3216297924518585
0.0475703701376915
0.06143226474523544
0.19410285353660583
0.10757708549499512
0.0
0.04810695722699165
0.0
0.16666121780872345
0.016207266598939896
0.203929141163826
0.0
0.052308011800050735
0.04208865016698837
0.014214754104614258
0.04680042341351509
0.0
0.0021147727966308594
0.1636827439069748
0.07456226646900177
0.0
0.06787276268005371
0.11281895637512207
0.07433042675256729
0.1344418078660965
0.0
0.239637091755867
0.019320964813232422
0.0
0.16426172852516174
0.0
0.0
0.17058882117271423
0.22960329055786133
0.6213964223861694
0.0
0.04153559356927872
0.0
0.12701162695884705
0.0
0.3011013865470886
0.023077726364135742
0.14583253860473633
0.0
0.003516769502311945
0.06568274646997452
0.0
0.23778314888477325
0.07566199451684952
0.0
0.12033893913030624
0.010625362396240234
0.08209876716136932
0.11232046782970428
0.0
0.323822021484375
0.0
0.5286328196525574
0.19123134016990662
0.0
0.48832112550735474
0.0
0.0
0.17355313897132874
0.06225872039794922
0.0901850238442421
0.07496867328882217
0.053926944732666016
0.0
0.10158447921276093
0.23591609299182892
0.297497421503067
0.21924929320812225
0.0
0.08498630672693253
0.03454704210162163
0.1386854648590088
0.0
0.0
0.4739449918270111
0.11665429919958115
0.0
0.19659705460071564
0.060674332082271576
0.10074982792139053
0.0
0.0
0.11322703212499619
0.0
0.0
0.17215433716773987
0.40258294343948364
0.12276754528284073
0.0
0.34629368782043457
0.23860058188438416
0.001998805906623602
0.0
0.0
0.0
0.0
0.0
0.0
0.08830118179321289
0.0
0.1462288349866867
0.0
0.15507984161376953
0.0
0.19758780300617218
0.08835415542125702
0.1330547332763672
0.30429282784461975
0.16448736190795898
0.04734492301940918
0.2461986541748047
0.1717543601989746
0.0889003723859787
0.32969674468040466
0.07896576076745987
0.0
0.0
0.28175681829452515
0.009951877407729626
0.0
0.0
0.2056313008069992
0.0
0.11517886817455292
0.08111796528100967
0.2071353942155838
0.2722645401954651
0.28594130277633667
0.5059382319450378
0.0
0.132905051112175
0.0
0.07872004806995392
0.15334352850914001
0.0
0.017924118787050247
0.06098470836877823
0.02969071827828884
0.04512610286474228
0.026806116104125977
0.0698523074388504
0.24093294143676758
0.0
0.272909939289093
0.18134626746177673
0.19517330825328827
0.10977926105260849
0.03271985054016113
0.27058514952659607
0.13592097163200378
0.0
0.0
0.07110218703746796
0.0
0.0
0.027627944946289062
0.04712476581335068
0.5832833051681519
0.010745477862656116
0.0
0.05786848068237305
0.045478057116270065
0.0
0.3451147675514221
0.028643513098359108
0.002186679746955633
0.12282299995422363
0.19140625
0.10640482604503632
0.0
0.0
0.14400744438171387
0.0
0.0
0.00757675152271986
0.011404896154999733
0.2459266632795334
0.0
0.31487441062927246
0.029873419553041458
0.0
0.2177300900220871
0.0
0.0015122175682336092
0.08023891597986221
0.01082997303456068
0.18183979392051697
0.08340559154748917
0.0
0.12798380851745605
0.0
0.030977344140410423
0.0
0.0
0.13981986045837402
0.0
0.5250678062438965
0.12968435883522034
0.16239747405052185
0.0
0.07978296279907227
0.0
0.0
0.014292001724243164
0.0
0.08471493422985077
0.14219360053539276
0.05440635606646538
0.1988215446472168
0.01564788818359375
0.14512047171592712
0.3316914439201355
0.0
0.0
0.06597566604614258
0.08954200893640518
0.0
0.3391949236392975
0.06300552189350128
0.05831446498632431
0.08277282863855362
0.03741135448217392
0.007458067033439875
0.0
0.0
0.17835506796836853
0.35714346170425415
0.18903756141662598
0.24558553099632263
0.0
0.2422715425491333
0.1271115243434906
0.0
0.0
0.0
0.0202923770993948
0.33756178617477417
0.043050337582826614
0.11882138252258301
0.05372939258813858
0.0010784149635583162
0.0
0.0
0.09785638004541397
0.0
0.0
0.01594099961221218
0.03165783733129501
0.0
0.0
0.11758041381835938
0.2389078587293625
0.19781151413917542
0.10459242016077042
0.16899128258228302
0.04041936248540878
0.1396268904209137
0.00021457672119140625
0.02592949941754341
0.041793107986450195
0.0
0.13435998558998108
0.028431987389922142
0.06633763015270233
0.13550209999084473
0.0
0.0
0.014293479733169079
0.4049937129020691
0.06698308140039444
0.16044721007347107
0.0652017593383789
0.43614181876182556
0.0
0.1842707097530365
0.0
0.0
0.0
0.09264812618494034
0.008694266900420189
0.0
0.0
0.041379403322935104
0.2687503695487976
0.045337628573179245
0.05022692680358887
0.046372223645448685
0.1118655651807785
0.02410421334207058
0.10559115558862686
0.04195041581988335
0.08082321286201477
